<?xml version="1.0" encoding="utf-8"?>
<COLLADA xmlns="http://www.collada.org/2005/11/COLLADASchema" version="1.4.1">
  <asset>
    <contributor>
      <author></author>
      <authoring_tool>FBX COLLADA exporter</authoring_tool>
      <comments></comments>
    </contributor>
    <created>2017-09-28T07:52:38Z</created>
    <keywords></keywords>
    <modified>2017-09-28T07:52:38Z</modified>
    <revision></revision>
    <subject></subject>
    <title></title>
    <unit meter="0.010000" name="centimeter"></unit>
    <up_axis>Y_UP</up_axis>
  </asset>
  <library_materials>
    <material id="lambert2" name="lambert2">
      <instance_effect url="#lambert2-fx"/>
    </material>
  </library_materials>
  <library_effects>
    <effect id="lambert2-fx" name="lambert2">
      <profile_COMMON>
        <technique sid="standard">
          <lambert>
            <emission>
              <color sid="emission">0.000000  0.000000 0.000000 1.000000</color>
            </emission>
            <ambient>
              <color sid="ambient">0.000000  0.000000 0.000000 1.000000</color>
            </ambient>
            <diffuse>
              <color sid="diffuse">0.400000  0.400000 0.400000 1.000000</color>
            </diffuse>
            <transparent opaque="RGB_ZERO">
              <color sid="transparent">0.000000  0.000000 0.000000 1.000000</color>
            </transparent>
            <transparency>
              <float sid="transparency">1.000000</float>
            </transparency>
          </lambert>
        </technique>
      </profile_COMMON>
    </effect>
  </library_effects>
  <library_geometries>
    <geometry id="pCube1-lib" name="pCube1Mesh">
      <mesh>
        <source id="pCube1-POSITION">
          <float_array id="pCube1-POSITION-array" count="48">
            -0.500000 -0.500000 0.500000
            0.500000 -0.500000 0.500000
            -0.500000 0.500000 0.500000
            0.500000 0.500000 0.500000
            -0.500000 0.500000 -0.500000
            0.500000 0.500000 -0.500000
            -0.500000 -0.500000 -0.500000
            0.500000 -0.500000 -0.500000
            -0.500000 1.460479 0.500000
            0.500000 1.460479 0.500000
            0.500000 1.460479 -0.500000
            -0.500000 1.460479 -0.500000
            -0.500000 2.571458 0.500000
            0.500000 2.571458 0.500000
            0.500000 2.571458 -0.500000
            -0.500000 2.571458 -0.500000
          </float_array>
          <technique_common>
            <accessor source="#pCube1-POSITION-array" count="16" stride="3">
              <param name="X" type="float"/>
              <param name="Y" type="float"/>
              <param name="Z" type="float"/>
            </accessor>
          </technique_common>
        </source>
        <source id="pCube1-Normal0">
          <float_array id="pCube1-Normal0-array" count="252">
            0.000000 0.000000 1.000000
            0.000000 0.000000 1.000000
            0.000000 0.000000 1.000000
            0.000000 0.000000 1.000000
            0.000000 0.000000 1.000000
            0.000000 0.000000 1.000000
            0.000000 1.000000 0.000000
            0.000000 1.000000 0.000000
            0.000000 1.000000 0.000000
            0.000000 1.000000 0.000000
            0.000000 1.000000 0.000000
            0.000000 1.000000 0.000000
            0.000000 0.000000 -1.000000
            0.000000 0.000000 -1.000000
            0.000000 0.000000 -1.000000
            0.000000 0.000000 -1.000000
            0.000000 0.000000 -1.000000
            0.000000 0.000000 -1.000000
            0.000000 -1.000000 0.000000
            0.000000 -1.000000 0.000000
            0.000000 -1.000000 0.000000
            0.000000 -1.000000 0.000000
            0.000000 -1.000000 0.000000
            0.000000 -1.000000 0.000000
            1.000000 0.000000 0.000000
            1.000000 0.000000 0.000000
            1.000000 0.000000 0.000000
            1.000000 0.000000 0.000000
            1.000000 0.000000 0.000000
            1.000000 0.000000 0.000000
            -1.000000 0.000000 0.000000
            -1.000000 0.000000 0.000000
            -1.000000 0.000000 0.000000
            -1.000000 0.000000 0.000000
            -1.000000 0.000000 0.000000
            -1.000000 0.000000 0.000000
            0.000000 0.000000 1.000000
            0.000000 0.000000 1.000000
            0.000000 0.000000 1.000000
            0.000000 0.000000 1.000000
            0.000000 0.000000 1.000000
            0.000000 0.000000 1.000000
            1.000000 0.000000 0.000000
            1.000000 0.000000 0.000000
            1.000000 0.000000 0.000000
            1.000000 0.000000 0.000000
            1.000000 0.000000 0.000000
            1.000000 0.000000 0.000000
            0.000000 0.000000 -1.000000
            0.000000 0.000000 -1.000000
            0.000000 0.000000 -1.000000
            0.000000 0.000000 -1.000000
            0.000000 0.000000 -1.000000
            0.000000 0.000000 -1.000000
            -1.000000 0.000000 0.000000
            -1.000000 0.000000 0.000000
            -1.000000 0.000000 0.000000
            -1.000000 0.000000 0.000000
            -1.000000 0.000000 0.000000
            -1.000000 0.000000 0.000000
            0.000000 0.000000 1.000000
            0.000000 0.000000 1.000000
            0.000000 0.000000 1.000000
            0.000000 0.000000 1.000000
            0.000000 0.000000 1.000000
            0.000000 0.000000 1.000000
            1.000000 0.000000 0.000000
            1.000000 0.000000 0.000000
            1.000000 0.000000 0.000000
            1.000000 0.000000 0.000000
            1.000000 0.000000 0.000000
            1.000000 0.000000 0.000000
            0.000000 0.000000 -1.000000
            0.000000 0.000000 -1.000000
            0.000000 0.000000 -1.000000
            0.000000 0.000000 -1.000000
            0.000000 0.000000 -1.000000
            0.000000 0.000000 -1.000000
            -1.000000 0.000000 0.000000
            -1.000000 0.000000 0.000000
            -1.000000 0.000000 0.000000
            -1.000000 0.000000 0.000000
            -1.000000 0.000000 0.000000
            -1.000000 0.000000 0.000000
          </float_array>
          <technique_common>
            <accessor source="#pCube1-Normal0-array" count="84" stride="3">
              <param name="X" type="float"/>
              <param name="Y" type="float"/>
              <param name="Z" type="float"/>
            </accessor>
          </technique_common>
        </source>
        <source id="pCube1-UV0">
          <float_array id="pCube1-UV0-array" count="44">
            0.375000 0.000000
            0.625000 0.000000
            0.375000 0.250000
            0.625000 0.250000
            0.375000 0.500000
            0.625000 0.500000
            0.375000 0.750000
            0.625000 0.750000
            0.375000 1.000000
            0.625000 1.000000
            0.875000 0.000000
            0.875000 0.250000
            0.125000 0.000000
            0.125000 0.250000
            0.375000 0.250000
            0.625000 0.250000
            0.625000 0.500000
            0.375000 0.500000
            0.375000 0.250000
            0.625000 0.250000
            0.625000 0.500000
            0.375000 0.500000
          </float_array>
          <technique_common>
            <accessor source="#pCube1-UV0-array" count="22" stride="2">
              <param name="S" type="float"/>
              <param name="T" type="float"/>
            </accessor>
          </technique_common>
        </source>
        <vertices id="pCube1-VERTEX">
          <input semantic="POSITION" source="#pCube1-POSITION"/>
        </vertices>
        <triangles count="28" material="lambert2">
          <input semantic="VERTEX" offset="0" source="#pCube1-VERTEX"/>
          <input semantic="NORMAL" offset="1" source="#pCube1-Normal0"/>
          <input semantic="TEXCOORD" offset="2" set="0" source="#pCube1-UV0"/>
          <p> 3 0 3 2 1 2 0 2 0 3 3 3 0 4 0 1 5 1 13 6 19 14 7 20 12 8 18 12 9 18 14 10 20 15 11 21 7 12 7 6 13 6 4 14 4 7 15 7 4 16 4 5 17 5 1 18 9 0 19 8 6 20 6 1 21 9 6 22 6 7 23 7 3 24 3 1 25 1 5 26 11 1 27 1 7 28 10 5 29 11 2 30 2 6 31 12 0 32 0 6 33 12 2 34 2 4 35 13 9 36 15 8 37 14 2 38 2 9 39 15 2 40 2 3 41 3 9 42 15 3 43 3 10 44 16 3 45 3 5 46 5 10 47 16 4 48 4 11 49 17 5 50 5 5 51 5 11 52 17 10 53 16 8 54 14 4 55 4 2 56 2 4 57 4 8 58 14 11 59 17 13 60 19 12 61 18 8 62 14 13 63 19 8 64 14 9 65 15 13 66 19 9 67 15 14 68 20 9 69 15 10 70 16 14 71 20 11 72 17 15 73 21 10 74 16 10 75 16 15 76 21 14 77 20 12 78 18 11 79 17 8 80 14 11 81 17 12 82 18 15 83 21</p>
        </triangles>
      </mesh>
    </geometry>
  </library_geometries>
  <library_controllers>
    <controller id="pCube1Controller">
      <skin source="#pCube1-lib">
        <bind_shape_matrix>
          1.000000 -0.000000 0.000000 0.000000
          0.000000 1.000000 -0.000000 0.628708 
          0.000000 0.000000 1.000000 0.000000 
          0.000000 0.000000 0.000000 1.000000
        </bind_shape_matrix>
        <source id="pCube1Controller-Joints">
          <Name_array id="pCube1Controller-Joints-array" count="3">
            joint1 joint2 joint3
          </Name_array>
          <technique_common>
            <accessor source="#pCube1Controller-Joints-array" count="3">
              <param type="name"/>
            </accessor>
          </technique_common>
        </source>
        <source id="pCube1Controller-Matrices">
          <float_array id="pCube1Controller-Matrices-array" count="48">

            0.000000 1.000000 0.000000 -0.492666
            -1.000000 0.000000 0.000000 0.021114
            0.000000 -0.000000 1.000000 -0.000000 
            0.000000 0.000000 0.000000 1.000000
            
            -0.016947 0.999856 0.000000 -1.533724
            0.999856 0.016947 -0.000000 -0.047113 
            -0.000000 -0.000000 -1.000000 0.000000
            0.000000 0.000000 0.000000 1.000000
            
            1.000000 0.000000 0.000000 -0.007038 
            -0.000000 1.000000 0.000000 -2.364796
            0.000000 -0.000000 1.000000 -0.000000
            0.000000 0.000000 0.000000 1.000000
          </float_array>
          <technique_common>
            <accessor source="#pCube1Controller-Matrices-array" count="3" stride="16">
              <param type="float4x4"/>
            </accessor>
          </technique_common>
        </source>
        <source id="pCube1Controller-Weights">
          <float_array id="pCube1Controller-Weights-array" count="49">

            1.000000 0.923622 0.063352 0.013026 0.930660 0.057795 0.011544 0.608414 0.351621 0.039965 0.620916 0.344153 0.034930 0.608414 0.351621 0.039965
            0.620916 0.344153 0.034930 0.923622 0.063352 0.013026 0.930660 0.057795 0.011544 0.176969 0.464872 0.358159 0.181395 0.471354 0.347251 0.181395
            0.471354 0.347251 0.176969 0.464872 0.358159 0.062613 0.468694 0.468694 0.062747 0.468626 0.468626 0.062747 0.468626 0.468626 0.062613 0.468694
            0.468694
          </float_array>
          <technique_common>
            <accessor source="#pCube1Controller-Weights-array" count="49">
              <param type="float"/>
            </accessor>
          </technique_common>
        </source>
        <joints>
          <input semantic="JOINT" source="#pCube1Controller-Joints"/>
          <input semantic="INV_BIND_MATRIX" source="#pCube1Controller-Matrices"/>
        </joints>
        <vertex_weights count="16">
          <input semantic="JOINT" offset="0" source="#pCube1Controller-Joints"/>
          <input semantic="WEIGHT" offset="1" source="#pCube1Controller-Weights"/>
          <vcount>3 3 3 3 3 3 3 3 3 3 3 3 3 3 3 3</vcount>
          <v>0 1 1 2 2 3 0 4 1 5 2 6 0 7 1 8 2 9 0 10 1 11 2 12 0 13 1 14 2 15 0 16 1 17 2 18 0 19 1 20 2 21 0 22 1 23 2 24 0 25 1 26 2 27 0 28 1 29 2 30 0 31 1 32 2 33 0 34 1 35 2 36 0 37 1 38 2 39 0 40 1 41 2 42 0 43 1 44 2 45 0 46 1 47 2 48</v>
        </vertex_weights>
      </skin>
    </controller>
  </library_controllers>
  <library_animations>
    <animation id="joint1-anim" name="joint1">
      <animation>
        <source id="joint1-Matrix-animation-input">
          <float_array id="joint1-Matrix-animation-input-array" count="60">

            0.041667 0.083333 0.125000 0.166667 0.208333 0.250000 0.291667 0.333333 0.375000 0.416667 0.458333 0.500000 0.541667 0.583333 0.625000 0.666667
            0.708333 0.750000 0.791667 0.833333 0.875000 0.916667 0.958333 1.000000 1.041667 1.083333 1.125000 1.166667 1.208333 1.250000 1.291667 1.333333
            1.375000 1.416667 1.458333 1.500000 1.541667 1.583333 1.625000 1.666667 1.708333 1.750000 1.791667 1.833333 1.875000 1.916667 1.958333 2.000000
            2.041667 2.083333 2.125000 2.166667 2.208333 2.250000 2.291667 2.333333 2.375000 2.416667 2.458333 2.500000
          </float_array>
          <technique_common>
            <accessor source="#joint1-Matrix-animation-input-array" count="60">
              <param name="TIME" type="float"/>
            </accessor>
          </technique_common>
        </source>
        <source id="joint1-Matrix-animation-output-transform">
          <float_array id="joint1-Matrix-animation-output-transform-array" count="960">

            0.000000 -1.000000 0.000000 0.021114 1.000000 0.000000 0.000000 0.492666 0.000000 0.000000 1.000000 0.000000 0.000000 0.000000 0.000000 1.000000
            0.000000 -1.000000 0.000000 0.021114 1.000000 0.000000 0.000000 0.492666 0.000000 0.000000 1.000000 0.000000 0.000000 0.000000 0.000000 1.000000
            0.000000 -1.000000 0.000000 0.021114 1.000000 0.000000 0.000000 0.492666 0.000000 0.000000 1.000000 0.000000 0.000000 0.000000 0.000000 1.000000
            0.000000 -1.000000 0.000000 0.021114 1.000000 0.000000 0.000000 0.492666 0.000000 0.000000 1.000000 0.000000 0.000000 0.000000 0.000000 1.000000
            0.000000 -1.000000 0.000000 0.021114 1.000000 0.000000 0.000000 0.492666 0.000000 0.000000 1.000000 0.000000 0.000000 0.000000 0.000000 1.000000
            0.000000 -1.000000 0.000000 0.021114 1.000000 0.000000 0.000000 0.492666 0.000000 0.000000 1.000000 0.000000 0.000000 0.000000 0.000000 1.000000
            0.000000 -1.000000 0.000000 0.021114 1.000000 0.000000 0.000000 0.492666 0.000000 0.000000 1.000000 0.000000 0.000000 0.000000 0.000000 1.000000
            0.000000 -1.000000 0.000000 0.021114 1.000000 0.000000 0.000000 0.492666 0.000000 0.000000 1.000000 0.000000 0.000000 0.000000 0.000000 1.000000
            0.000000 -1.000000 0.000000 0.021114 1.000000 0.000000 0.000000 0.492666 0.000000 0.000000 1.000000 0.000000 0.000000 0.000000 0.000000 1.000000
            0.000000 -1.000000 0.000000 0.021114 1.000000 0.000000 0.000000 0.492666 0.000000 0.000000 1.000000 0.000000 0.000000 0.000000 0.000000 1.000000
            0.000000 -1.000000 0.000000 0.021114 1.000000 0.000000 0.000000 0.492666 0.000000 0.000000 1.000000 0.000000 0.000000 0.000000 0.000000 1.000000
            0.000000 -1.000000 0.000000 0.021114 1.000000 0.000000 0.000000 0.492666 0.000000 0.000000 1.000000 0.000000 0.000000 0.000000 0.000000 1.000000
            0.000000 -1.000000 0.000000 0.021114 1.000000 0.000000 0.000000 0.492666 0.000000 0.000000 1.000000 0.000000 0.000000 0.000000 0.000000 1.000000
            0.000000 -1.000000 0.000000 0.021114 1.000000 0.000000 0.000000 0.492666 0.000000 0.000000 1.000000 0.000000 0.000000 0.000000 0.000000 1.000000
            0.000000 -1.000000 0.000000 0.021114 1.000000 0.000000 0.000000 0.492666 0.000000 0.000000 1.000000 0.000000 0.000000 0.000000 0.000000 1.000000
            0.000000 -1.000000 0.000000 0.021114 1.000000 0.000000 0.000000 0.492666 0.000000 0.000000 1.000000 0.000000 0.000000 0.000000 0.000000 1.000000
            0.000000 -1.000000 0.000000 0.021114 1.000000 0.000000 0.000000 0.492666 0.000000 0.000000 1.000000 0.000000 0.000000 0.000000 0.000000 1.000000
            0.000000 -1.000000 0.000000 0.021114 1.000000 0.000000 0.000000 0.492666 0.000000 0.000000 1.000000 0.000000 0.000000 0.000000 0.000000 1.000000
            0.000000 -1.000000 0.000000 0.021114 1.000000 0.000000 0.000000 0.492666 0.000000 0.000000 1.000000 0.000000 0.000000 0.000000 0.000000 1.000000
            0.000000 -1.000000 0.000000 0.021114 1.000000 0.000000 0.000000 0.492666 0.000000 0.000000 1.000000 0.000000 0.000000 0.000000 0.000000 1.000000
            0.000000 -1.000000 0.000000 0.021114 1.000000 0.000000 0.000000 0.492666 0.000000 0.000000 1.000000 0.000000 0.000000 0.000000 0.000000 1.000000
            0.000000 -1.000000 0.000000 0.021114 1.000000 0.000000 0.000000 0.492666 0.000000 0.000000 1.000000 0.000000 0.000000 0.000000 0.000000 1.000000
            0.000000 -1.000000 0.000000 0.021114 1.000000 0.000000 0.000000 0.492666 0.000000 0.000000 1.000000 0.000000 0.000000 0.000000 0.000000 1.000000
            0.000000 -1.000000 0.000000 0.021114 1.000000 0.000000 0.000000 0.492666 0.000000 0.000000 1.000000 0.000000 0.000000 0.000000 0.000000 1.000000
            0.000000 -1.000000 0.000000 0.021114 1.000000 0.000000 0.000000 0.492666 0.000000 0.000000 1.000000 0.000000 0.000000 0.000000 0.000000 1.000000
            0.000000 -1.000000 0.000000 0.021114 1.000000 0.000000 0.000000 0.492666 0.000000 0.000000 1.000000 0.000000 0.000000 0.000000 0.000000 1.000000
            0.000000 -1.000000 0.000000 0.021114 1.000000 0.000000 0.000000 0.492666 0.000000 0.000000 1.000000 0.000000 0.000000 0.000000 0.000000 1.000000
            0.000000 -1.000000 0.000000 0.021114 1.000000 0.000000 0.000000 0.492666 0.000000 0.000000 1.000000 0.000000 0.000000 0.000000 0.000000 1.000000
            0.000000 -1.000000 0.000000 0.021114 1.000000 0.000000 0.000000 0.492666 0.000000 0.000000 1.000000 0.000000 0.000000 0.000000 0.000000 1.000000
            0.000000 -1.000000 0.000000 0.021114 1.000000 0.000000 0.000000 0.492666 0.000000 0.000000 1.000000 0.000000 0.000000 0.000000 0.000000 1.000000
            0.000000 -1.000000 0.000000 0.021114 1.000000 0.000000 0.000000 0.492666 0.000000 0.000000 1.000000 0.000000 0.000000 0.000000 0.000000 1.000000
            0.000000 -1.000000 0.000000 0.021114 1.000000 0.000000 0.000000 0.492666 0.000000 0.000000 1.000000 0.000000 0.000000 0.000000 0.000000 1.000000
            0.000000 -1.000000 0.000000 0.021114 1.000000 0.000000 0.000000 0.492666 0.000000 0.000000 1.000000 0.000000 0.000000 0.000000 0.000000 1.000000
            0.000000 -1.000000 0.000000 0.021114 1.000000 0.000000 0.000000 0.492666 0.000000 0.000000 1.000000 0.000000 0.000000 0.000000 0.000000 1.000000
            0.000000 -1.000000 0.000000 0.021114 1.000000 0.000000 0.000000 0.492666 0.000000 0.000000 1.000000 0.000000 0.000000 0.000000 0.000000 1.000000
            0.000000 -1.000000 0.000000 0.021114 1.000000 0.000000 0.000000 0.492666 0.000000 0.000000 1.000000 0.000000 0.000000 0.000000 0.000000 1.000000
            0.000000 -1.000000 0.000000 0.021114 1.000000 0.000000 0.000000 0.492666 0.000000 0.000000 1.000000 0.000000 0.000000 0.000000 0.000000 1.000000
            0.000000 -1.000000 0.000000 0.021114 1.000000 0.000000 0.000000 0.492666 0.000000 0.000000 1.000000 0.000000 0.000000 0.000000 0.000000 1.000000
            0.000000 -1.000000 0.000000 0.021114 1.000000 0.000000 0.000000 0.492666 0.000000 0.000000 1.000000 0.000000 0.000000 0.000000 0.000000 1.000000
            0.000000 -1.000000 0.000000 0.021114 1.000000 0.000000 0.000000 0.492666 0.000000 0.000000 1.000000 0.000000 0.000000 0.000000 0.000000 1.000000
            0.000000 -1.000000 0.000000 0.021114 1.000000 0.000000 0.000000 0.492666 0.000000 0.000000 1.000000 0.000000 0.000000 0.000000 0.000000 1.000000
            0.000000 -1.000000 0.000000 0.021114 1.000000 0.000000 0.000000 0.492666 0.000000 0.000000 1.000000 0.000000 0.000000 0.000000 0.000000 1.000000
            0.000000 -1.000000 0.000000 0.021114 1.000000 0.000000 0.000000 0.492666 0.000000 0.000000 1.000000 0.000000 0.000000 0.000000 0.000000 1.000000
            0.000000 -1.000000 0.000000 0.021114 1.000000 0.000000 0.000000 0.492666 0.000000 0.000000 1.000000 0.000000 0.000000 0.000000 0.000000 1.000000
            0.000000 -1.000000 0.000000 0.021114 1.000000 0.000000 0.000000 0.492666 0.000000 0.000000 1.000000 0.000000 0.000000 0.000000 0.000000 1.000000
            0.000000 -1.000000 0.000000 0.021114 1.000000 0.000000 0.000000 0.492666 0.000000 0.000000 1.000000 0.000000 0.000000 0.000000 0.000000 1.000000
            0.000000 -1.000000 0.000000 0.021114 1.000000 0.000000 0.000000 0.492666 0.000000 0.000000 1.000000 0.000000 0.000000 0.000000 0.000000 1.000000
            0.000000 -1.000000 0.000000 0.021114 1.000000 0.000000 0.000000 0.492666 0.000000 0.000000 1.000000 0.000000 0.000000 0.000000 0.000000 1.000000
            0.000000 -1.000000 0.000000 0.021114 1.000000 0.000000 0.000000 0.492666 0.000000 0.000000 1.000000 0.000000 0.000000 0.000000 0.000000 1.000000
            0.000000 -1.000000 0.000000 0.021114 1.000000 0.000000 0.000000 0.492666 0.000000 0.000000 1.000000 0.000000 0.000000 0.000000 0.000000 1.000000
            0.000000 -1.000000 0.000000 0.021114 1.000000 0.000000 0.000000 0.492666 0.000000 0.000000 1.000000 0.000000 0.000000 0.000000 0.000000 1.000000
            0.000000 -1.000000 0.000000 0.021114 1.000000 0.000000 0.000000 0.492666 0.000000 0.000000 1.000000 0.000000 0.000000 0.000000 0.000000 1.000000
            0.000000 -1.000000 0.000000 0.021114 1.000000 0.000000 0.000000 0.492666 0.000000 0.000000 1.000000 0.000000 0.000000 0.000000 0.000000 1.000000
            0.000000 -1.000000 0.000000 0.021114 1.000000 0.000000 0.000000 0.492666 0.000000 0.000000 1.000000 0.000000 0.000000 0.000000 0.000000 1.000000
            0.000000 -1.000000 0.000000 0.021114 1.000000 0.000000 0.000000 0.492666 0.000000 0.000000 1.000000 0.000000 0.000000 0.000000 0.000000 1.000000
            0.000000 -1.000000 0.000000 0.021114 1.000000 0.000000 0.000000 0.492666 0.000000 0.000000 1.000000 0.000000 0.000000 0.000000 0.000000 1.000000
            0.000000 -1.000000 0.000000 0.021114 1.000000 0.000000 0.000000 0.492666 0.000000 0.000000 1.000000 0.000000 0.000000 0.000000 0.000000 1.000000
            0.000000 -1.000000 0.000000 0.021114 1.000000 0.000000 0.000000 0.492666 0.000000 0.000000 1.000000 0.000000 0.000000 0.000000 0.000000 1.000000
            0.000000 -1.000000 0.000000 0.021114 1.000000 0.000000 0.000000 0.492666 0.000000 0.000000 1.000000 0.000000 0.000000 0.000000 0.000000 1.000000
            0.000000 -1.000000 0.000000 0.021114 1.000000 0.000000 0.000000 0.492666 0.000000 0.000000 1.000000 0.000000 0.000000 0.000000 0.000000 1.000000
          </float_array>
          <technique_common>
            <accessor source="#joint1-Matrix-animation-output-transform-array" count="60" stride="16">
              <param type="float4x4"/>
            </accessor>
          </technique_common>
        </source>
        <source id="joint1-Interpolations">
          <Name_array id="joint1-Interpolations-array" count="60">
            LINEAR LINEAR LINEAR LINEAR LINEAR LINEAR LINEAR LINEAR LINEAR LINEAR LINEAR
            LINEAR LINEAR LINEAR LINEAR LINEAR LINEAR LINEAR LINEAR LINEAR LINEAR LINEAR LINEAR
            LINEAR LINEAR LINEAR LINEAR LINEAR LINEAR LINEAR LINEAR LINEAR LINEAR LINEAR LINEAR
            LINEAR LINEAR LINEAR LINEAR LINEAR LINEAR LINEAR LINEAR LINEAR LINEAR LINEAR LINEAR
            LINEAR LINEAR LINEAR LINEAR LINEAR LINEAR LINEAR LINEAR LINEAR LINEAR LINEAR LINEAR
            LINEAR
          </Name_array>
          <technique_common>
            <accessor source="#joint1-Interpolations-array" count="60">
              <param type="name"/>
            </accessor>
          </technique_common>
        </source>
        <sampler id="joint1-Matrix-animation-transform">
          <input semantic="INPUT" source="#joint1-Matrix-animation-input"/>
          <input semantic="OUTPUT" source="#joint1-Matrix-animation-output-transform"/>
          <input semantic="INTERPOLATION" source="#joint1-Interpolations"/>
        </sampler>
        <channel source="#joint1-Matrix-animation-transform" target="joint1/matrix"/>
      </animation>
      <animation>
        <source id="joint1-visibility-animation-input">
          <float_array id="joint1-visibility-animation-input-array" count="2">

            0.041667 2.500000
          </float_array>
          <technique_common>
            <accessor source="#joint1-visibility-animation-input-array" count="2">
              <param name="TIME" type="float"/>
            </accessor>
          </technique_common>
        </source>
        <source id="joint1-visibility-animation-output">
          <float_array id="joint1-visibility-animation-output-array" count="2">

            1.000000 1.000000
          </float_array>
          <technique_common>
            <accessor source="#joint1-visibility-animation-output-array" count="2">
              <param type="float"/>
            </accessor>
          </technique_common>
        </source>
        <source id="joint1-visibility-animation-intan">
          <float_array id="joint1-visibility-animation-intan-array" count="2">

            0.000000 0.000000
          </float_array>
          <technique_common>
            <accessor source="#joint1-visibility-animation-intan-array" count="2">
              <param type="float"/>
            </accessor>
          </technique_common>
        </source>
        <source id="joint1-visibility-animation-outtan">
          <float_array id="joint1-visibility-animation-outtan-array" count="2">

            0.000000 0.000000
          </float_array>
          <technique_common>
            <accessor source="#joint1-visibility-animation-outtan-array" count="2">
              <param type="float"/>
            </accessor>
          </technique_common>
        </source>
        <source id="joint1-visibility-animation-interpolation">
          <Name_array id="joint1-visibility-animation-interpolation-array" count="2">
            STEP BEZIER
          </Name_array>
          <technique_common>
            <accessor source="#joint1-visibility-animation-interpolation-array" count="2">
              <param type="name"/>
            </accessor>
          </technique_common>
        </source>
        <sampler id="joint1-visibility-animation">
          <input semantic="INPUT" source="#joint1-visibility-animation-input"/>
          <input semantic="OUTPUT" source="#joint1-visibility-animation-output"/>
          <input semantic="IN_TANGENT" source="#joint1-visibility-animation-intan"/>
          <input semantic="OUT_TANGENT" source="#joint1-visibility-animation-outtan"/>
          <input semantic="INTERPOLATION" source="#joint1-visibility-animation-interpolation"/>
        </sampler>
        <channel source="#joint1-visibility-animation" target="joint1/visibility"/>
      </animation>
    </animation>
    <animation id="joint2-anim" name="joint2">
      <animation>
        <source id="joint2-Matrix-animation-input">
          <float_array id="joint2-Matrix-animation-input-array" count="60">

            0.041667 0.083333 0.125000 0.166667 0.208333 0.250000 0.291667 0.333333 0.375000 0.416667 0.458333 0.500000 0.541667 0.583333 0.625000 0.666667
            0.708333 0.750000 0.791667 0.833333 0.875000 0.916667 0.958333 1.000000 1.041667 1.083333 1.125000 1.166667 1.208333 1.250000 1.291667 1.333333
            1.375000 1.416667 1.458333 1.500000 1.541667 1.583333 1.625000 1.666667 1.708333 1.750000 1.791667 1.833333 1.875000 1.916667 1.958333 2.000000
            2.041667 2.083333 2.125000 2.166667 2.208333 2.250000 2.291667 2.333333 2.375000 2.416667 2.458333 2.500000
          </float_array>
          <technique_common>
            <accessor source="#joint2-Matrix-animation-input-array" count="60">
              <param name="TIME" type="float"/>
            </accessor>
          </technique_common>
        </source>
        <source id="joint2-Matrix-animation-output-transform">
          <float_array id="joint2-Matrix-animation-output-transform-array" count="960">

            0.999856 0.016947 0.000000 1.041636 0.016947 -0.999856 -0.000000 0.000000 -0.000000 0.000000 -1.000000 0.000000 0.000000 0.000000 0.000000 1.000000
            0.999852 0.017227 -0.000272 1.041636 0.017227 -0.999851 0.000668 0.000000 -0.000260 -0.000672 -1.000000 -0.000700 0.000000 0.000000 0.000000 1.000000
            0.999836 0.018051 -0.001077 1.041636 0.018054 -0.999834 0.002639 0.000000 -0.001029 -0.002658 -0.999996 -0.002768 0.000000 0.000000 0.000000 1.000000
            0.999809 0.019396 -0.002402 1.041636 0.019410 -0.999794 0.005866 0.000000 -0.002288 -0.005912 -0.999980 -0.006157 0.000000 0.000000 0.000000 1.000000
            0.999766 0.021231 -0.004240 1.041636 0.021274 -0.999721 0.010298 0.000000 -0.004020 -0.010386 -0.999938 -0.010817 0.000000 0.000000 0.000000 1.000000
            0.999702 0.023525 -0.006583 1.041636 0.023628 -0.999595 0.015884 0.000000 -0.006206 -0.016035 -0.999852 -0.016701 0.000000 0.000000 0.000000 1.000000
            0.999611 0.026244 -0.009428 1.041636 0.026451 -0.999395 0.022571 0.000000 -0.008830 -0.022812 -0.999701 -0.023761 0.000000 0.000000 0.000000 1.000000
            0.999488 0.029349 -0.012773 1.041636 0.029725 -0.999099 0.030305 0.000000 -0.011872 -0.030669 -0.999459 -0.031949 0.000000 0.000000 0.000000 1.000000
            0.999324 0.032801 -0.016618 1.041636 0.033429 -0.998679 0.039030 0.000000 -0.015315 -0.039559 -0.999100 -0.041216 0.000000 0.000000 0.000000 1.000000
            0.999112 0.036559 -0.020962 1.041636 0.037544 -0.998108 0.048689 0.000000 -0.019142 -0.049433 -0.998594 -0.051514 0.000000 0.000000 0.000000 1.000000
            0.998843 0.040581 -0.025805 1.041636 0.042050 -0.997359 0.059225 0.000000 -0.023333 -0.060242 -0.997911 -0.062796 0.000000 0.000000 0.000000 1.000000
            0.998509 0.044820 -0.031147 1.041636 0.046927 -0.996402 0.070579 0.000000 -0.027872 -0.071936 -0.997020 -0.075014 0.000000 0.000000 0.000000 1.000000
            0.998102 0.049233 -0.036988 1.041636 0.052155 -0.995210 0.082690 0.000000 -0.032740 -0.084462 -0.995889 -0.088119 0.000000 0.000000 0.000000 1.000000
            0.997613 0.053773 -0.043324 1.041636 0.057712 -0.993755 0.095498 0.000000 -0.037918 -0.097770 -0.994486 -0.102063 0.000000 0.000000 0.000000 1.000000
            0.997033 0.058393 -0.050151 1.041636 0.063579 -0.992013 0.108940 0.000000 -0.043389 -0.111806 -0.992782 -0.116799 0.000000 0.000000 0.000000 1.000000
            0.996355 0.063048 -0.057464 1.041636 0.069735 -0.989959 0.122955 0.000000 -0.049135 -0.126514 -0.990747 -0.132278 0.000000 0.000000 0.000000 1.000000
            0.995570 0.067690 -0.065255 1.041636 0.076157 -0.987572 0.137480 0.000000 -0.055138 -0.141840 -0.988353 -0.148452 0.000000 0.000000 0.000000 1.000000
            0.994672 0.072275 -0.073511 1.041636 0.082827 -0.984834 0.152450 0.000000 -0.061378 -0.157727 -0.985573 -0.165274 0.000000 0.000000 0.000000 1.000000
            0.993654 0.076756 -0.082221 1.041636 0.089720 -0.981729 0.167805 0.000000 -0.067838 -0.174117 -0.982385 -0.182695 0.000000 0.000000 0.000000 1.000000
            0.992510 0.081093 -0.091367 1.041636 0.096818 -0.978244 0.183480 0.000000 -0.074500 -0.190952 -0.978768 -0.200667 0.000000 0.000000 0.000000 1.000000
            0.991235 0.085242 -0.100930 1.041636 0.104097 -0.974371 0.199414 0.000000 -0.081345 -0.208173 -0.974704 -0.219143 0.000000 0.000000 0.000000 1.000000
            0.989825 0.089165 -0.110889 1.041636 0.111535 -0.970103 0.215545 0.000000 -0.088355 -0.225720 -0.970177 -0.238075 0.000000 0.000000 0.000000 1.000000
            0.988276 0.092824 -0.121218 1.041636 0.119112 -0.965440 0.231812 0.000000 -0.095511 -0.243533 -0.965178 -0.257414 0.000000 0.000000 0.000000 1.000000
            0.986587 0.096186 -0.131889 1.041636 0.126806 -0.960384 0.248157 0.000000 -0.102795 -0.261553 -0.959700 -0.277113 0.000000 0.000000 0.000000 1.000000
            0.984755 0.099220 -0.142872 1.041636 0.134594 -0.954941 0.264522 0.000000 -0.110188 -0.279720 -0.953738 -0.297123 0.000000 0.000000 0.000000 1.000000
            0.982782 0.101897 -0.154134 1.041636 0.142454 -0.949120 0.280852 0.000000 -0.117673 -0.297974 -0.947293 -0.317397 0.000000 0.000000 0.000000 1.000000
            0.980667 0.104195 -0.165639 1.041636 0.150367 -0.942934 0.297094 0.000000 -0.125231 -0.316257 -0.940372 -0.337887 0.000000 0.000000 0.000000 1.000000
            0.978412 0.106094 -0.177351 1.041636 0.158309 -0.936401 0.313196 0.000000 -0.132843 -0.334511 -0.932982 -0.358544 0.000000 0.000000 0.000000 1.000000
            0.976022 0.107577 -0.189229 1.041636 0.166261 -0.929540 0.329110 0.000000 -0.140492 -0.352680 -0.925137 -0.379321 0.000000 0.000000 0.000000 1.000000
            0.973501 0.108633 -0.201235 1.041636 0.174200 -0.922374 0.344790 0.000000 -0.148158 -0.370709 -0.916856 -0.400171 0.000000 0.000000 0.000000 1.000000
            0.970853 0.109255 -0.213325 1.041636 0.182107 -0.914930 0.360195 0.000000 -0.155825 -0.388545 -0.908158 -0.421044 0.000000 0.000000 0.000000 1.000000
            0.968086 0.109440 -0.225459 1.041636 0.189962 -0.907235 0.375285 0.000000 -0.163473 -0.406137 -0.899072 -0.441893 0.000000 0.000000 0.000000 1.000000
            0.965208 0.109191 -0.237593 1.041636 0.197744 -0.899322 0.390023 0.000000 -0.171085 -0.423436 -0.889625 -0.462670 0.000000 0.000000 0.000000 1.000000
            0.962228 0.108514 -0.249684 1.041636 0.205435 -0.891222 0.404376 0.000000 -0.178643 -0.440396 -0.879851 -0.483328 0.000000 0.000000 0.000000 1.000000
            0.959156 0.107418 -0.261690 1.041636 0.213016 -0.882970 0.418315 0.000000 -0.186130 -0.456973 -0.869788 -0.503817 0.000000 0.000000 0.000000 1.000000
            0.956003 0.105920 -0.273569 1.041636 0.220469 -0.874603 0.431813 0.000000 -0.193527 -0.473128 -0.859475 -0.524091 0.000000 0.000000 0.000000 1.000000
            0.952781 0.104038 -0.285280 1.041636 0.227775 -0.866158 0.444847 0.000000 -0.200817 -0.488821 -0.848956 -0.544102 0.000000 0.000000 0.000000 1.000000
            0.949503 0.101797 -0.296784 1.041636 0.234918 -0.857673 0.457396 0.000000 -0.207982 -0.504019 -0.838277 -0.563800 0.000000 0.000000 0.000000 1.000000
            0.946185 0.099221 -0.308042 1.041636 0.241882 -0.849186 0.469443 0.000000 -0.215006 -0.518689 -0.827486 -0.583139 0.000000 0.000000 0.000000 1.000000
            0.942839 0.096343 -0.319017 1.041636 0.248651 -0.840736 0.480974 0.000000 -0.221871 -0.532805 -0.816635 -0.602071 0.000000 0.000000 0.000000 1.000000
            0.939483 0.093194 -0.329676 1.041636 0.255209 -0.832363 0.491976 0.000000 -0.228561 -0.546339 -0.805775 -0.620547 0.000000 0.000000 0.000000 1.000000
            0.936132 0.089813 -0.339985 1.041636 0.261542 -0.824105 0.502441 0.000000 -0.235057 -0.559272 -0.794961 -0.638519 0.000000 0.000000 0.000000 1.000000
            0.932804 0.086237 -0.349913 1.041636 0.267635 -0.816001 0.512361 0.000000 -0.241345 -0.571582 -0.784249 -0.655941 0.000000 0.000000 0.000000 1.000000
            0.929516 0.082508 -0.359433 1.041636 0.273477 -0.808088 0.521731 0.000000 -0.247406 -0.583254 -0.773695 -0.672762 0.000000 0.000000 0.000000 1.000000
            0.926286 0.078669 -0.368517 1.041636 0.279053 -0.800405 0.530548 0.000000 -0.253225 -0.594275 -0.763357 -0.688937 0.000000 0.000000 0.000000 1.000000
            0.923133 0.074763 -0.377142 1.041636 0.284351 -0.792988 0.538808 0.000000 -0.258786 -0.604632 -0.753293 -0.704416 0.000000 0.000000 0.000000 1.000000
            0.920075 0.070838 -0.385285 1.041636 0.289359 -0.785873 0.546512 0.000000 -0.264071 -0.614318 -0.743559 -0.719151 0.000000 0.000000 0.000000 1.000000
            0.917131 0.066938 -0.392926 1.041636 0.294067 -0.779094 0.553659 0.000000 -0.269065 -0.623324 -0.734215 -0.733096 0.000000 0.000000 0.000000 1.000000
            0.914320 0.063110 -0.400046 1.041636 0.298462 -0.772685 0.560249 0.000000 -0.273753 -0.631645 -0.725317 -0.746201 0.000000 0.000000 0.000000 1.000000
            0.911661 0.059400 -0.406628 1.041636 0.302533 -0.766680 0.566282 0.000000 -0.278116 -0.639276 -0.716922 -0.758418 0.000000 0.000000 0.000000 1.000000
            0.909173 0.055856 -0.412656 1.041636 0.306271 -0.761110 0.571760 0.000000 -0.282141 -0.646213 -0.709087 -0.769700 0.000000 0.000000 0.000000 1.000000
            0.906874 0.052521 -0.418115 1.041636 0.309663 -0.756007 0.576682 0.000000 -0.285810 -0.652453 -0.701867 -0.779999 0.000000 0.000000 0.000000 1.000000
            0.904784 0.049439 -0.422991 1.041636 0.312701 -0.751400 0.581047 0.000000 -0.289109 -0.657992 -0.695315 -0.789266 0.000000 0.000000 0.000000 1.000000
            0.902920 0.046654 -0.427268 1.041636 0.315372 -0.747319 0.584854 0.000000 -0.292020 -0.662825 -0.689483 -0.797453 0.000000 0.000000 0.000000 1.000000
            0.901300 0.044206 -0.430934 1.041636 0.317665 -0.743793 0.588099 0.000000 -0.294528 -0.666947 -0.684423 -0.804513 0.000000 0.000000 0.000000 1.000000
            0.899941 0.042132 -0.433972 1.041636 0.319570 -0.740849 0.590777 0.000000 -0.296617 -0.670349 -0.680184 -0.810397 0.000000 0.000000 0.000000 1.000000
            0.898858 0.040468 -0.436367 1.041636 0.321074 -0.738514 0.592882 0.000000 -0.298270 -0.673023 -0.676812 -0.815057 0.000000 0.000000 0.000000 1.000000
            0.898068 0.039247 -0.438103 1.041636 0.322166 -0.736814 0.594402 0.000000 -0.299472 -0.674955 -0.674353 -0.818446 0.000000 0.000000 0.000000 1.000000
            0.897584 0.038496 -0.439159 1.041636 0.322831 -0.735776 0.595326 0.000000 -0.300205 -0.676130 -0.672849 -0.820514 0.000000 0.000000 0.000000 1.000000
            0.897420 0.038241 -0.439517 1.041636 0.323056 -0.735425 0.595638 0.000000 -0.300453 -0.676526 -0.672339 -0.821214 0.000000 0.000000 0.000000 1.000000
          </float_array>
          <technique_common>
            <accessor source="#joint2-Matrix-animation-output-transform-array" count="60" stride="16">
              <param type="float4x4"/>
            </accessor>
          </technique_common>
        </source>
        <source id="joint2-Interpolations">
          <Name_array id="joint2-Interpolations-array" count="60">
            LINEAR LINEAR LINEAR LINEAR LINEAR LINEAR LINEAR LINEAR LINEAR LINEAR LINEAR
            LINEAR LINEAR LINEAR LINEAR LINEAR LINEAR LINEAR LINEAR LINEAR LINEAR LINEAR LINEAR
            LINEAR LINEAR LINEAR LINEAR LINEAR LINEAR LINEAR LINEAR LINEAR LINEAR LINEAR LINEAR
            LINEAR LINEAR LINEAR LINEAR LINEAR LINEAR LINEAR LINEAR LINEAR LINEAR LINEAR LINEAR
            LINEAR LINEAR LINEAR LINEAR LINEAR LINEAR LINEAR LINEAR LINEAR LINEAR LINEAR LINEAR
            LINEAR
          </Name_array>
          <technique_common>
            <accessor source="#joint2-Interpolations-array" count="60">
              <param type="name"/>
            </accessor>
          </technique_common>
        </source>
        <sampler id="joint2-Matrix-animation-transform">
          <input semantic="INPUT" source="#joint2-Matrix-animation-input"/>
          <input semantic="OUTPUT" source="#joint2-Matrix-animation-output-transform"/>
          <input semantic="INTERPOLATION" source="#joint2-Interpolations"/>
        </sampler>
        <channel source="#joint2-Matrix-animation-transform" target="joint2/matrix"/>
      </animation>
      <animation>
        <source id="joint2-visibility-animation-input">
          <float_array id="joint2-visibility-animation-input-array" count="2">

            0.041667 2.500000
          </float_array>
          <technique_common>
            <accessor source="#joint2-visibility-animation-input-array" count="2">
              <param name="TIME" type="float"/>
            </accessor>
          </technique_common>
        </source>
        <source id="joint2-visibility-animation-output">
          <float_array id="joint2-visibility-animation-output-array" count="2">

            1.000000 1.000000
          </float_array>
